90 100 3204 57556
1 11 250 1
1 12 250 1
1 13 250 1
2 11 250 1
2 12 250 1
2 13 250 1
3 11 250 1
3 12 250 1
3 13 250 1
1 16 250 1
1 17 250 1
1 18 250 1
2 16 250 1
2 17 250 1
2 18 250 1
3 16 250 1
3 17 250 1
3 18 250 1
1 21 250 1
1 22 250 1
1 23 250 1
2 21 250 1
2 22 250 1
2 23 250 1
3 21 250 1
3 22 250 1
3 23 250 1
1 26 250 1
1 27 250 1
1 28 250 1
2 26 250 1
2 27 250 1
2 28 250 1
3 26 250 1
3 27 250 1
3 28 250 1
1 31 250 1
1 32 250 1
1 33 250 1
2 31 250 1
2 32 250 1
2 33 250 1
3 31 250 1
3 32 250 1
3 33 250 1
1 36 250 1
1 37 250 1
1 38 250 1
2 36 250 1
2 37 250 1
2 38 250 1
3 36 250 1
3 37 250 1
3 38 250 1
1 41 250 1
1 42 250 1
1 43 250 1
2 41 250 1
2 42 250 1
2 43 250 1
3 41 250 1
3 42 250 1
3 43 250 1
1 46 250 1
1 47 250 1
1 48 250 1
2 46 250 1
2 47 250 1
2 48 250 1
3 46 250 1
3 47 250 1
3 48 250 1
1 51 250 1
1 52 250 1
1 53 250 1
2 51 250 1
2 52 250 1
2 53 250 1
3 51 250 1
3 52 250 1
3 53 250 1
1 56 250 1
1 57 250 1
1 58 250 1
2 56 250 1
2 57 250 1
2 58 250 1
3 56 250 1
3 57 250 1
3 58 250 1
1 61 250 1
1 62 250 1
1 63 250 1
2 61 250 1
2 62 250 1
2 63 250 1
3 61 250 1
3 62 250 1
3 63 250 1
1 66 250 1
1 67 250 1
1 68 250 1
2 66 250 1
2 67 250 1
2 68 250 1
3 66 250 1
3 67 250 1
3 68 250 1
1 71 250 1
1 72 250 1
1 73 250 1
2 71 250 1
2 72 250 1
2 73 250 1
3 71 250 1
3 72 250 1
3 73 250 1
1 76 250 1
1 77 250 1
1 78 250 1
2 76 250 1
2 77 250 1
2 78 250 1
3 76 250 1
3 77 250 1
3 78 250 1
1 81 250 1
1 82 250 1
1 83 250 1
2 81 250 1
2 82 250 1
2 83 250 1
3 81 250 1
3 82 250 1
3 83 250 1
1 86 250 1
1 87 250 1
1 88 250 1
2 86 250 1
2 87 250 1
2 88 250 1
3 86 250 1
3 87 250 1
3 88 250 1
1 91 250 1
1 92 250 1
1 93 250 1
2 91 250 1
2 92 250 1
2 93 250 1
3 91 250 1
3 92 250 1
3 93 250 1
1 96 250 1
1 97 250 1
1 98 250 1
2 96 250 1
2 97 250 1
2 98 250 1
3 96 250 1
3 97 250 1
3 98 250 1
6 11 250 1
6 12 250 1
6 13 250 1
7 11 250 1
7 12 250 1
7 13 250 1
8 11 250 1
8 12 250 1
8 13 250 1
6 16 250 1
6 17 250 1
6 18 250 1
7 16 250 1
7 17 250 1
7 18 250 1
8 16 250 1
8 17 250 1
8 18 250 1
6 21 250 1
6 22 250 1
6 23 250 1
7 21 250 1
7 22 250 1
7 23 250 1
8 21 250 1
8 22 250 1
8 23 250 1
6 26 250 1
6 27 250 1
6 28 250 1
7 26 250 1
7 27 250 1
7 28 250 1
8 26 250 1
8 27 250 1
8 28 250 1
6 31 250 1
6 32 250 1
6 33 250 1
7 31 250 1
7 32 250 1
7 33 250 1
8 31 250 1
8 32 250 1
8 33 250 1
6 36 250 1
6 37 250 1
6 38 250 1
7 36 250 1
7 37 250 1
7 38 250 1
8 36 250 1
8 37 250 1
8 38 250 1
6 41 250 1
6 42 250 1
6 43 250 1
7 41 250 1
7 42 250 1
7 43 250 1
8 41 250 1
8 42 250 1
8 43 250 1
6 46 250 1
6 47 250 1
6 48 250 1
7 46 250 1
7 47 250 1
7 48 250 1
8 46 250 1
8 47 250 1
8 48 250 1
6 51 250 1
6 52 250 1
6 53 250 1
7 51 250 1
7 52 250 1
7 53 250 1
8 51 250 1
8 52 250 1
8 53 250 1
6 56 250 1
6 57 250 1
6 58 250 1
7 56 250 1
7 57 250 1
7 58 250 1
8 56 250 1
8 57 250 1
8 58 250 1
6 61 250 1
6 62 250 1
6 63 250 1
7 61 250 1
7 62 250 1
7 63 250 1
8 61 250 1
8 62 250 1
8 63 250 1
6 66 250 1
6 67 250 1
6 68 250 1
7 66 250 1
7 67 250 1
7 68 250 1
8 66 250 1
8 67 250 1
8 68 250 1
6 71 250 1
6 72 250 1
6 73 250 1
7 71 250 1
7 72 250 1
7 73 250 1
8 71 250 1
8 72 250 1
8 73 250 1
6 76 250 1
6 77 250 1
6 78 250 1
7 76 250 1
7 77 250 1
7 78 250 1
8 76 250 1
8 77 250 1
8 78 250 1
6 81 250 1
6 82 250 1
6 83 250 1
7 81 250 1
7 82 250 1
7 83 250 1
8 81 250 1
8 82 250 1
8 83 250 1
6 86 250 1
6 87 250 1
6 88 250 1
7 86 250 1
7 87 250 1
7 88 250 1
8 86 250 1
8 87 250 1
8 88 250 1
6 91 250 1
6 92 250 1
6 93 250 1
7 91 250 1
7 92 250 1
7 93 250 1
8 91 250 1
8 92 250 1
8 93 250 1
6 96 250 1
6 97 250 1
6 98 250 1
7 96 250 1
7 97 250 1
7 98 250 1
8 96 250 1
8 97 250 1
8 98 250 1
11 1 250 1
11 2 250 1
11 3 250 1
12 1 250 1
12 2 250 1
12 3 250 1
13 1 250 1
13 2 250 1
13 3 250 1
11 6 250 1
11 7 250 1
11 8 250 1
12 6 250 1
12 7 250 1
12 8 250 1
13 6 250 1
13 7 250 1
13 8 250 1
11 11 250 1
11 12 250 1
11 13 250 1
12 11 250 1
12 12 250 1
12 13 250 1
13 11 250 1
13 12 250 1
13 13 250 1
11 16 250 1
11 17 250 1
11 18 250 1
12 16 250 1
12 17 250 1
12 18 250 1
13 16 250 1
13 17 250 1
13 18 250 1
11 21 250 1
11 22 250 1
11 23 250 1
12 21 250 1
12 22 250 1
12 23 250 1
13 21 250 1
13 22 250 1
13 23 250 1
11 26 250 1
11 27 250 1
11 28 250 1
12 26 250 1
12 27 250 1
12 28 250 1
13 26 250 1
13 27 250 1
13 28 250 1
11 31 250 1
11 32 250 1
11 33 250 1
12 31 250 1
12 32 250 1
12 33 250 1
13 31 250 1
13 32 250 1
13 33 250 1
11 36 250 1
11 37 250 1
11 38 250 1
12 36 250 1
12 37 250 1
12 38 250 1
13 36 250 1
13 37 250 1
13 38 250 1
11 41 250 1
11 42 250 1
11 43 250 1
12 41 250 1
12 42 250 1
12 43 250 1
13 41 250 1
13 42 250 1
13 43 250 1
11 46 250 1
11 47 250 1
11 48 250 1
12 46 250 1
12 47 250 1
12 48 250 1
13 46 250 1
13 47 250 1
13 48 250 1
11 51 250 1
11 52 250 1
11 53 250 1
12 51 250 1
12 52 250 1
12 53 250 1
13 51 250 1
13 52 250 1
13 53 250 1
11 56 250 1
11 57 250 1
11 58 250 1
12 56 250 1
12 57 250 1
12 58 250 1
13 56 250 1
13 57 250 1
13 58 250 1
11 61 250 1
11 62 250 1
11 63 250 1
12 61 250 1
12 62 250 1
12 63 250 1
13 61 250 1
13 62 250 1
13 63 250 1
11 66 250 1
11 67 250 1
11 68 250 1
12 66 250 1
12 67 250 1
12 68 250 1
13 66 250 1
13 67 250 1
13 68 250 1
11 71 250 1
11 72 250 1
11 73 250 1
12 71 250 1
12 72 250 1
12 73 250 1
13 71 250 1
13 72 250 1
13 73 250 1
11 76 250 1
11 77 250 1
11 78 250 1
12 76 250 1
12 77 250 1
12 78 250 1
13 76 250 1
13 77 250 1
13 78 250 1
11 81 250 1
11 82 250 1
11 83 250 1
12 81 250 1
12 82 250 1
12 83 250 1
13 81 250 1
13 82 250 1
13 83 250 1
11 86 250 1
11 87 250 1
11 88 250 1
12 86 250 1
12 87 250 1
12 88 250 1
13 86 250 1
13 87 250 1
13 88 250 1
11 91 250 1
11 92 250 1
11 93 250 1
12 91 250 1
12 92 250 1
12 93 250 1
13 91 250 1
13 92 250 1
13 93 250 1
11 96 250 1
11 97 250 1
11 98 250 1
12 96 250 1
12 97 250 1
12 98 250 1
13 96 250 1
13 97 250 1
13 98 250 1
16 1 250 1
16 2 250 1
16 3 250 1
17 1 250 1
17 2 250 1
17 3 250 1
18 1 250 1
18 2 250 1
18 3 250 1
16 6 250 1
16 7 250 1
16 8 250 1
17 6 250 1
17 7 250 1
17 8 250 1
18 6 250 1
18 7 250 1
18 8 250 1
16 11 250 1
16 12 250 1
16 13 250 1
17 11 250 1
17 12 250 1
17 13 250 1
18 11 250 1
18 12 250 1
18 13 250 1
16 16 250 1
16 17 250 1
16 18 250 1
17 16 250 1
17 17 250 1
17 18 250 1
18 16 250 1
18 17 250 1
18 18 250 1
16 21 250 1
16 22 250 1
16 23 250 1
17 21 250 1
17 22 250 1
17 23 250 1
18 21 250 1
18 22 250 1
18 23 250 1
16 26 250 1
16 27 250 1
16 28 250 1
17 26 250 1
17 27 250 1
17 28 250 1
18 26 250 1
18 27 250 1
18 28 250 1
16 31 250 1
16 32 250 1
16 33 250 1
17 31 250 1
17 32 250 1
17 33 250 1
18 31 250 1
18 32 250 1
18 33 250 1
16 36 250 1
16 37 250 1
16 38 250 1
17 36 250 1
17 37 250 1
17 38 250 1
18 36 250 1
18 37 250 1
18 38 250 1
16 41 250 1
16 42 250 1
16 43 250 1
17 41 250 1
17 42 250 1
17 43 250 1
18 41 250 1
18 42 250 1
18 43 250 1
16 46 250 1
16 47 250 1
16 48 250 1
17 46 250 1
17 47 250 1
17 48 250 1
18 46 250 1
18 47 250 1
18 48 250 1
16 51 250 1
16 52 250 1
16 53 250 1
17 51 250 1
17 52 250 1
17 53 250 1
18 51 250 1
18 52 250 1
18 53 250 1
16 56 250 1
16 57 250 1
16 58 250 1
17 56 250 1
17 57 250 1
17 58 250 1
18 56 250 1
18 57 250 1
18 58 250 1
16 61 250 1
16 62 250 1
16 63 250 1
17 61 250 1
17 62 250 1
17 63 250 1
18 61 250 1
18 62 250 1
18 63 250 1
16 66 250 1
16 67 250 1
16 68 250 1
17 66 250 1
17 67 250 1
17 68 250 1
18 66 250 1
18 67 250 1
18 68 250 1
16 71 250 1
16 72 250 1
16 73 250 1
17 71 250 1
17 72 250 1
17 73 250 1
18 71 250 1
18 72 250 1
18 73 250 1
16 76 250 1
16 77 250 1
16 78 250 1
17 76 250 1
17 77 250 1
17 78 250 1
18 76 250 1
18 77 250 1
18 78 250 1
16 81 250 1
16 82 250 1
16 83 250 1
17 81 250 1
17 82 250 1
17 83 250 1
18 81 250 1
18 82 250 1
18 83 250 1
16 86 250 1
16 87 250 1
16 88 250 1
17 86 250 1
17 87 250 1
17 88 250 1
18 86 250 1
18 87 250 1
18 88 250 1
16 91 250 1
16 92 250 1
16 93 250 1
17 91 250 1
17 92 250 1
17 93 250 1
18 91 250 1
18 92 250 1
18 93 250 1
16 96 250 1
16 97 250 1
16 98 250 1
17 96 250 1
17 97 250 1
17 98 250 1
18 96 250 1
18 97 250 1
18 98 250 1
21 1 250 1
21 2 250 1
21 3 250 1
22 1 250 1
22 2 250 1
22 3 250 1
23 1 250 1
23 2 250 1
23 3 250 1
21 6 250 1
21 7 250 1
21 8 250 1
22 6 250 1
22 7 250 1
22 8 250 1
23 6 250 1
23 7 250 1
23 8 250 1
21 11 250 1
21 12 250 1
21 13 250 1
22 11 250 1
22 12 250 1
22 13 250 1
23 11 250 1
23 12 250 1
23 13 250 1
21 16 250 1
21 17 250 1
21 18 250 1
22 16 250 1
22 17 250 1
22 18 250 1
23 16 250 1
23 17 250 1
23 18 250 1
21 21 250 1
21 22 250 1
21 23 250 1
22 21 250 1
22 22 250 1
22 23 250 1
23 21 250 1
23 22 250 1
23 23 250 1
21 26 250 1
21 27 250 1
21 28 250 1
22 26 250 1
22 27 250 1
22 28 250 1
23 26 250 1
23 27 250 1
23 28 250 1
21 31 250 1
21 32 250 1
21 33 250 1
22 31 250 1
22 32 250 1
22 33 250 1
23 31 250 1
23 32 250 1
23 33 250 1
21 36 250 1
21 37 250 1
21 38 250 1
22 36 250 1
22 37 250 1
22 38 250 1
23 36 250 1
23 37 250 1
23 38 250 1
21 41 250 1
21 42 250 1
21 43 250 1
22 41 250 1
22 42 250 1
22 43 250 1
23 41 250 1
23 42 250 1
23 43 250 1
21 46 250 1
21 47 250 1
21 48 250 1
22 46 250 1
22 47 250 1
22 48 250 1
23 46 250 1
23 47 250 1
23 48 250 1
21 51 250 1
21 52 250 1
21 53 250 1
22 51 250 1
22 52 250 1
22 53 250 1
23 51 250 1
23 52 250 1
23 53 250 1
21 56 250 1
21 57 250 1
21 58 250 1
22 56 250 1
22 57 250 1
22 58 250 1
23 56 250 1
23 57 250 1
23 58 250 1
21 61 250 1
21 62 250 1
21 63 250 1
22 61 250 1
22 62 250 1
22 63 250 1
23 61 250 1
23 62 250 1
23 63 250 1
21 66 250 1
21 67 250 1
21 68 250 1
22 66 250 1
22 67 250 1
22 68 250 1
23 66 250 1
23 67 250 1
23 68 250 1
21 71 250 1
21 72 250 1
21 73 250 1
22 71 250 1
22 72 250 1
22 73 250 1
23 71 250 1
23 72 250 1
23 73 250 1
21 76 250 1
21 77 250 1
21 78 250 1
22 76 250 1
22 77 250 1
22 78 250 1
23 76 250 1
23 77 250 1
23 78 250 1
21 81 250 1
21 82 250 1
21 83 250 1
22 81 250 1
22 82 250 1
22 83 250 1
23 81 250 1
23 82 250 1
23 83 250 1
21 86 250 1
21 87 250 1
21 88 250 1
22 86 250 1
22 87 250 1
22 88 250 1
23 86 250 1
23 87 250 1
23 88 250 1
21 91 250 1
21 92 250 1
21 93 250 1
22 91 250 1
22 92 250 1
22 93 250 1
23 91 250 1
23 92 250 1
23 93 250 1
21 96 250 1
21 97 250 1
21 98 250 1
22 96 250 1
22 97 250 1
22 98 250 1
23 96 250 1
23 97 250 1
23 98 250 1
26 1 250 1
26 2 250 1
26 3 250 1
27 1 250 1
27 2 250 1
27 3 250 1
28 1 250 1
28 2 250 1
28 3 250 1
26 6 250 1
26 7 250 1
26 8 250 1
27 6 250 1
27 7 250 1
27 8 250 1
28 6 250 1
28 7 250 1
28 8 250 1
26 11 250 1
26 12 250 1
26 13 250 1
27 11 250 1
27 12 250 1
27 13 250 1
28 11 250 1
28 12 250 1
28 13 250 1
26 16 250 1
26 17 250 1
26 18 250 1
27 16 250 1
27 17 250 1
27 18 250 1
28 16 250 1
28 17 250 1
28 18 250 1
26 21 250 1
26 22 250 1
26 23 250 1
27 21 250 1
27 22 250 1
27 23 250 1
28 21 250 1
28 22 250 1
28 23 250 1
26 26 250 1
26 27 250 1
26 28 250 1
27 26 250 1
27 27 250 1
27 28 250 1
28 26 250 1
28 27 250 1
28 28 250 1
26 31 250 1
26 32 250 1
26 33 250 1
27 31 250 1
27 32 250 1
27 33 250 1
28 31 250 1
28 32 250 1
28 33 250 1
26 36 250 1
26 37 250 1
26 38 250 1
27 36 250 1
27 37 250 1
27 38 250 1
28 36 250 1
28 37 250 1
28 38 250 1
26 41 250 1
26 42 250 1
26 43 250 1
27 41 250 1
27 42 250 1
27 43 250 1
28 41 250 1
28 42 250 1
28 43 250 1
26 46 250 1
26 47 250 1
26 48 250 1
27 46 250 1
27 47 250 1
27 48 250 1
28 46 250 1
28 47 250 1
28 48 250 1
26 51 250 1
26 52 250 1
26 53 250 1
27 51 250 1
27 52 250 1
27 53 250 1
28 51 250 1
28 52 250 1
28 53 250 1
26 56 250 1
26 57 250 1
26 58 250 1
27 56 250 1
27 57 250 1
27 58 250 1
28 56 250 1
28 57 250 1
28 58 250 1
26 61 250 1
26 62 250 1
26 63 250 1
27 61 250 1
27 62 250 1
27 63 250 1
28 61 250 1
28 62 250 1
28 63 250 1
26 66 250 1
26 67 250 1
26 68 250 1
27 66 250 1
27 67 250 1
27 68 250 1
28 66 250 1
28 67 250 1
28 68 250 1
26 71 250 1
26 72 250 1
26 73 250 1
27 71 250 1
27 72 250 1
27 73 250 1
28 71 250 1
28 72 250 1
28 73 250 1
26 76 250 1
26 77 250 1
26 78 250 1
27 76 250 1
27 77 250 1
27 78 250 1
28 76 250 1
28 77 250 1
28 78 250 1
26 81 250 1
26 82 250 1
26 83 250 1
27 81 250 1
27 82 250 1
27 83 250 1
28 81 250 1
28 82 250 1
28 83 250 1
26 86 250 1
26 87 250 1
26 88 250 1
27 86 250 1
27 87 250 1
27 88 250 1
28 86 250 1
28 87 250 1
28 88 250 1
26 91 250 1
26 92 250 1
26 93 250 1
27 91 250 1
27 92 250 1
27 93 250 1
28 91 250 1
28 92 250 1
28 93 250 1
26 96 250 1
26 97 250 1
26 98 250 1
27 96 250 1
27 97 250 1
27 98 250 1
28 96 250 1
28 97 250 1
28 98 250 1
31 1 250 1
31 2 250 1
31 3 250 1
32 1 250 1
32 2 250 1
32 3 250 1
33 1 250 1
33 2 250 1
33 3 250 1
31 6 250 1
31 7 250 1
31 8 250 1
32 6 250 1
32 7 250 1
32 8 250 1
33 6 250 1
33 7 250 1
33 8 250 1
31 11 250 1
31 12 250 1
31 13 250 1
32 11 250 1
32 12 250 1
32 13 250 1
33 11 250 1
33 12 250 1
33 13 250 1
31 16 250 1
31 17 250 1
31 18 250 1
32 16 250 1
32 17 250 1
32 18 250 1
33 16 250 1
33 17 250 1
33 18 250 1
31 21 250 1
31 22 250 1
31 23 250 1
32 21 250 1
32 22 250 1
32 23 250 1
33 21 250 1
33 22 250 1
33 23 250 1
31 26 250 1
31 27 250 1
31 28 250 1
32 26 250 1
32 27 250 1
32 28 250 1
33 26 250 1
33 27 250 1
33 28 250 1
31 31 250 1
31 32 250 1
31 33 250 1
32 31 250 1
32 32 250 1
32 33 250 1
33 31 250 1
33 32 250 1
33 33 250 1
31 36 250 1
31 37 250 1
31 38 250 1
32 36 250 1
32 37 250 1
32 38 250 1
33 36 250 1
33 37 250 1
33 38 250 1
31 41 250 1
31 42 250 1
31 43 250 1
32 41 250 1
32 42 250 1
32 43 250 1
33 41 250 1
33 42 250 1
33 43 250 1
31 46 250 1
31 47 250 1
31 48 250 1
32 46 250 1
32 47 250 1
32 48 250 1
33 46 250 1
33 47 250 1
33 48 250 1
31 51 250 1
31 52 250 1
31 53 250 1
32 51 250 1
32 52 250 1
32 53 250 1
33 51 250 1
33 52 250 1
33 53 250 1
31 56 250 1
31 57 250 1
31 58 250 1
32 56 250 1
32 57 250 1
32 58 250 1
33 56 250 1
33 57 250 1
33 58 250 1
31 61 250 1
31 62 250 1
31 63 250 1
32 61 250 1
32 62 250 1
32 63 250 1
33 61 250 1
33 62 250 1
33 63 250 1
31 66 250 1
31 67 250 1
31 68 250 1
32 66 250 1
32 67 250 1
32 68 250 1
33 66 250 1
33 67 250 1
33 68 250 1
31 71 250 1
31 72 250 1
31 73 250 1
32 71 250 1
32 72 250 1
32 73 250 1
33 71 250 1
33 72 250 1
33 73 250 1
31 76 250 1
31 77 250 1
31 78 250 1
32 76 250 1
32 77 250 1
32 78 250 1
33 76 250 1
33 77 250 1
33 78 250 1
31 81 250 1
31 82 250 1
31 83 250 1
32 81 250 1
32 82 250 1
32 83 250 1
33 81 250 1
33 82 250 1
33 83 250 1
31 86 250 1
31 87 250 1
31 88 250 1
32 86 250 1
32 87 250 1
32 88 250 1
33 86 250 1
33 87 250 1
33 88 250 1
31 91 250 1
31 92 250 1
31 93 250 1
32 91 250 1
32 92 250 1
32 93 250 1
33 91 250 1
33 92 250 1
33 93 250 1
31 96 250 1
31 97 250 1
31 98 250 1
32 96 250 1
32 97 250 1
32 98 250 1
33 96 250 1
33 97 250 1
33 98 250 1
36 1 250 1
36 2 250 1
36 3 250 1
37 1 250 1
37 2 250 1
37 3 250 1
38 1 250 1
38 2 250 1
38 3 250 1
36 6 250 1
36 7 250 1
36 8 250 1
37 6 250 1
37 7 250 1
37 8 250 1
38 6 250 1
38 7 250 1
38 8 250 1
36 11 250 1
36 12 250 1
36 13 250 1
37 11 250 1
37 12 250 1
37 13 250 1
38 11 250 1
38 12 250 1
38 13 250 1
36 16 250 1
36 17 250 1
36 18 250 1
37 16 250 1
37 17 250 1
37 18 250 1
38 16 250 1
38 17 250 1
38 18 250 1
36 21 250 1
36 22 250 1
36 23 250 1
37 21 250 1
37 22 250 1
37 23 250 1
38 21 250 1
38 22 250 1
38 23 250 1
36 26 250 1
36 27 250 1
36 28 250 1
37 26 250 1
37 27 250 1
37 28 250 1
38 26 250 1
38 27 250 1
38 28 250 1
36 31 250 1
36 32 250 1
36 33 250 1
37 31 250 1
37 32 250 1
37 33 250 1
38 31 250 1
38 32 250 1
38 33 250 1
36 36 250 1
36 37 250 1
36 38 250 1
37 36 250 1
37 37 250 1
37 38 250 1
38 36 250 1
38 37 250 1
38 38 250 1
36 41 250 1
36 42 250 1
36 43 250 1
37 41 250 1
37 42 250 1
37 43 250 1
38 41 250 1
38 42 250 1
38 43 250 1
36 46 250 1
36 47 250 1
36 48 250 1
37 46 250 1
37 47 250 1
37 48 250 1
38 46 250 1
38 47 250 1
38 48 250 1
36 51 250 1
36 52 250 1
36 53 250 1
37 51 250 1
37 52 250 1
37 53 250 1
38 51 250 1
38 52 250 1
38 53 250 1
36 56 250 1
36 57 250 1
36 58 250 1
37 56 250 1
37 57 250 1
37 58 250 1
38 56 250 1
38 57 250 1
38 58 250 1
36 61 250 1
36 62 250 1
36 63 250 1
37 61 250 1
37 62 250 1
37 63 250 1
38 61 250 1
38 62 250 1
38 63 250 1
36 66 250 1
36 67 250 1
36 68 250 1
37 66 250 1
37 67 250 1
37 68 250 1
38 66 250 1
38 67 250 1
38 68 250 1
36 71 250 1
36 72 250 1
36 73 250 1
37 71 250 1
37 72 250 1
37 73 250 1
38 71 250 1
38 72 250 1
38 73 250 1
36 76 250 1
36 77 250 1
36 78 250 1
37 76 250 1
37 77 250 1
37 78 250 1
38 76 250 1
38 77 250 1
38 78 250 1
36 81 250 1
36 82 250 1
36 83 250 1
37 81 250 1
37 82 250 1
37 83 250 1
38 81 250 1
38 82 250 1
38 83 250 1
36 86 250 1
36 87 250 1
36 88 250 1
37 86 250 1
37 87 250 1
37 88 250 1
38 86 250 1
38 87 250 1
38 88 250 1
36 91 250 1
36 92 250 1
36 93 250 1
37 91 250 1
37 92 250 1
37 93 250 1
38 91 250 1
38 92 250 1
38 93 250 1
36 96 250 1
36 97 250 1
36 98 250 1
37 96 250 1
37 97 250 1
37 98 250 1
38 96 250 1
38 97 250 1
38 98 250 1
41 1 250 1
41 2 250 1
41 3 250 1
42 1 250 1
42 2 250 1
42 3 250 1
43 1 250 1
43 2 250 1
43 3 250 1
41 6 250 1
41 7 250 1
41 8 250 1
42 6 250 1
42 7 250 1
42 8 250 1
43 6 250 1
43 7 250 1
43 8 250 1
41 11 250 1
41 12 250 1
41 13 250 1
42 11 250 1
42 12 250 1
42 13 250 1
43 11 250 1
43 12 250 1
43 13 250 1
41 16 250 1
41 17 250 1
41 18 250 1
42 16 250 1
42 17 250 1
42 18 250 1
43 16 250 1
43 17 250 1
43 18 250 1
41 21 250 1
41 22 250 1
41 23 250 1
42 21 250 1
42 22 250 1
42 23 250 1
43 21 250 1
43 22 250 1
43 23 250 1
41 26 250 1
41 27 250 1
41 28 250 1
42 26 250 1
42 27 250 1
42 28 250 1
43 26 250 1
43 27 250 1
43 28 250 1
41 31 250 1
41 32 250 1
41 33 250 1
42 31 250 1
42 32 250 1
42 33 250 1
43 31 250 1
43 32 250 1
43 33 250 1
41 36 250 1
41 37 250 1
41 38 250 1
42 36 250 1
42 37 250 1
42 38 250 1
43 36 250 1
43 37 250 1
43 38 250 1
41 41 250 1
41 42 250 1
41 43 250 1
42 41 250 1
42 42 250 1
42 43 250 1
43 41 250 1
43 42 250 1
43 43 250 1
41 46 250 1
41 47 250 1
41 48 250 1
42 46 250 1
42 47 250 1
42 48 250 1
43 46 250 1
43 47 250 1
43 48 250 1
41 51 250 1
41 52 250 1
41 53 250 1
42 51 250 1
42 52 250 1
42 53 250 1
43 51 250 1
43 52 250 1
43 53 250 1
41 56 250 1
41 57 250 1
41 58 250 1
42 56 250 1
42 57 250 1
42 58 250 1
43 56 250 1
43 57 250 1
43 58 250 1
41 61 250 1
41 62 250 1
41 63 250 1
42 61 250 1
42 62 250 1
42 63 250 1
43 61 250 1
43 62 250 1
43 63 250 1
41 66 250 1
41 67 250 1
41 68 250 1
42 66 250 1
42 67 250 1
42 68 250 1
43 66 250 1
43 67 250 1
43 68 250 1
41 71 250 1
41 72 250 1
41 73 250 1
42 71 250 1
42 72 250 1
42 73 250 1
43 71 250 1
43 72 250 1
43 73 250 1
41 76 250 1
41 77 250 1
41 78 250 1
42 76 250 1
42 77 250 1
42 78 250 1
43 76 250 1
43 77 250 1
43 78 250 1
41 81 250 1
41 82 250 1
41 83 250 1
42 81 250 1
42 82 250 1
42 83 250 1
43 81 250 1
43 82 250 1
43 83 250 1
41 86 250 1
41 87 250 1
41 88 250 1
42 86 250 1
42 87 250 1
42 88 250 1
43 86 250 1
43 87 250 1
43 88 250 1
41 91 250 1
41 92 250 1
41 93 250 1
42 91 250 1
42 92 250 1
42 93 250 1
43 91 250 1
43 92 250 1
43 93 250 1
41 96 250 1
41 97 250 1
41 98 250 1
42 96 250 1
42 97 250 1
42 98 250 1
43 96 250 1
43 97 250 1
43 98 250 1
46 1 250 1
46 2 250 1
46 3 250 1
47 1 250 1
47 2 250 1
47 3 250 1
48 1 250 1
48 2 250 1
48 3 250 1
46 6 250 1
46 7 250 1
46 8 250 1
47 6 250 1
47 7 250 1
47 8 250 1
48 6 250 1
48 7 250 1
48 8 250 1
46 11 250 1
46 12 250 1
46 13 250 1
47 11 250 1
47 12 250 1
47 13 250 1
48 11 250 1
48 12 250 1
48 13 250 1
46 16 250 1
46 17 250 1
46 18 250 1
47 16 250 1
47 17 250 1
47 18 250 1
48 16 250 1
48 17 250 1
48 18 250 1
46 21 250 1
46 22 250 1
46 23 250 1
47 21 250 1
47 22 250 1
47 23 250 1
48 21 250 1
48 22 250 1
48 23 250 1
46 26 250 1
46 27 250 1
46 28 250 1
47 26 250 1
47 27 250 1
47 28 250 1
48 26 250 1
48 27 250 1
48 28 250 1
46 31 250 1
46 32 250 1
46 33 250 1
47 31 250 1
47 32 250 1
47 33 250 1
48 31 250 1
48 32 250 1
48 33 250 1
46 36 250 1
46 37 250 1
46 38 250 1
47 36 250 1
47 37 250 1
47 38 250 1
48 36 250 1
48 37 250 1
48 38 250 1
46 41 250 1
46 42 250 1
46 43 250 1
47 41 250 1
47 42 250 1
47 43 250 1
48 41 250 1
48 42 250 1
48 43 250 1
46 46 250 1
46 47 250 1
46 48 250 1
47 46 250 1
47 47 250 1
47 48 250 1
48 46 250 1
48 47 250 1
48 48 250 1
46 51 250 1
46 52 250 1
46 53 250 1
47 51 250 1
47 52 250 1
47 53 250 1
48 51 250 1
48 52 250 1
48 53 250 1
46 56 250 1
46 57 250 1
46 58 250 1
47 56 250 1
47 57 250 1
47 58 250 1
48 56 250 1
48 57 250 1
48 58 250 1
46 61 250 1
46 62 250 1
46 63 250 1
47 61 250 1
47 62 250 1
47 63 250 1
48 61 250 1
48 62 250 1
48 63 250 1
46 66 250 1
46 67 250 1
46 68 250 1
47 66 250 1
47 67 250 1
47 68 250 1
48 66 250 1
48 67 250 1
48 68 250 1
46 71 250 1
46 72 250 1
46 73 250 1
47 71 250 1
47 72 250 1
47 73 250 1
48 71 250 1
48 72 250 1
48 73 250 1
46 76 250 1
46 77 250 1
46 78 250 1
47 76 250 1
47 77 250 1
47 78 250 1
48 76 250 1
48 77 250 1
48 78 250 1
46 81 250 1
46 82 250 1
46 83 250 1
47 81 250 1
47 82 250 1
47 83 250 1
48 81 250 1
48 82 250 1
48 83 250 1
46 86 250 1
46 87 250 1
46 88 250 1
47 86 250 1
47 87 250 1
47 88 250 1
48 86 250 1
48 87 250 1
48 88 250 1
46 91 250 1
46 92 250 1
46 93 250 1
47 91 250 1
47 92 250 1
47 93 250 1
48 91 250 1
48 92 250 1
48 93 250 1
46 96 250 1
46 97 250 1
46 98 250 1
47 96 250 1
47 97 250 1
47 98 250 1
48 96 250 1
48 97 250 1
48 98 250 1
51 1 250 1
51 2 250 1
51 3 250 1
52 1 250 1
52 2 250 1
52 3 250 1
53 1 250 1
53 2 250 1
53 3 250 1
51 6 250 1
51 7 250 1
51 8 250 1
52 6 250 1
52 7 250 1
52 8 250 1
53 6 250 1
53 7 250 1
53 8 250 1
51 11 250 1
51 12 250 1
51 13 250 1
52 11 250 1
52 12 250 1
52 13 250 1
53 11 250 1
53 12 250 1
53 13 250 1
51 16 250 1
51 17 250 1
51 18 250 1
52 16 250 1
52 17 250 1
52 18 250 1
53 16 250 1
53 17 250 1
53 18 250 1
51 21 250 1
51 22 250 1
51 23 250 1
52 21 250 1
52 22 250 1
52 23 250 1
53 21 250 1
53 22 250 1
53 23 250 1
51 26 250 1
51 27 250 1
51 28 250 1
52 26 250 1
52 27 250 1
52 28 250 1
53 26 250 1
53 27 250 1
53 28 250 1
51 31 250 1
51 32 250 1
51 33 250 1
52 31 250 1
52 32 250 1
52 33 250 1
53 31 250 1
53 32 250 1
53 33 250 1
51 36 250 1
51 37 250 1
51 38 250 1
52 36 250 1
52 37 250 1
52 38 250 1
53 36 250 1
53 37 250 1
53 38 250 1
51 41 250 1
51 42 250 1
51 43 250 1
52 41 250 1
52 42 250 1
52 43 250 1
53 41 250 1
53 42 250 1
53 43 250 1
51 46 250 1
51 47 250 1
51 48 250 1
52 46 250 1
52 47 250 1
52 48 250 1
53 46 250 1
53 47 250 1
53 48 250 1
51 51 250 1
51 52 250 1
51 53 250 1
52 51 250 1
52 52 250 1
52 53 250 1
53 51 250 1
53 52 250 1
53 53 250 1
51 56 250 1
51 57 250 1
51 58 250 1
52 56 250 1
52 57 250 1
52 58 250 1
53 56 250 1
53 57 250 1
53 58 250 1
51 61 250 1
51 62 250 1
51 63 250 1
52 61 250 1
52 62 250 1
52 63 250 1
53 61 250 1
53 62 250 1
53 63 250 1
51 66 250 1
51 67 250 1
51 68 250 1
52 66 250 1
52 67 250 1
52 68 250 1
53 66 250 1
53 67 250 1
53 68 250 1
51 71 250 1
51 72 250 1
51 73 250 1
52 71 250 1
52 72 250 1
52 73 250 1
53 71 250 1
53 72 250 1
53 73 250 1
51 76 250 1
51 77 250 1
51 78 250 1
52 76 250 1
52 77 250 1
52 78 250 1
53 76 250 1
53 77 250 1
53 78 250 1
51 81 250 1
51 82 250 1
51 83 250 1
52 81 250 1
52 82 250 1
52 83 250 1
53 81 250 1
53 82 250 1
53 83 250 1
51 86 250 1
51 87 250 1
51 88 250 1
52 86 250 1
52 87 250 1
52 88 250 1
53 86 250 1
53 87 250 1
53 88 250 1
51 91 250 1
51 92 250 1
51 93 250 1
52 91 250 1
52 92 250 1
52 93 250 1
53 91 250 1
53 92 250 1
53 93 250 1
51 96 250 1
51 97 250 1
51 98 250 1
52 96 250 1
52 97 250 1
52 98 250 1
53 96 250 1
53 97 250 1
53 98 250 1
56 1 250 1
56 2 250 1
56 3 250 1
57 1 250 1
57 2 250 1
57 3 250 1
58 1 250 1
58 2 250 1
58 3 250 1
56 6 250 1
56 7 250 1
56 8 250 1
57 6 250 1
57 7 250 1
57 8 250 1
58 6 250 1
58 7 250 1
58 8 250 1
56 11 250 1
56 12 250 1
56 13 250 1
57 11 250 1
57 12 250 1
57 13 250 1
58 11 250 1
58 12 250 1
58 13 250 1
56 16 250 1
56 17 250 1
56 18 250 1
57 16 250 1
57 17 250 1
57 18 250 1
58 16 250 1
58 17 250 1
58 18 250 1
56 21 250 1
56 22 250 1
56 23 250 1
57 21 250 1
57 22 250 1
57 23 250 1
58 21 250 1
58 22 250 1
58 23 250 1
56 26 250 1
56 27 250 1
56 28 250 1
57 26 250 1
57 27 250 1
57 28 250 1
58 26 250 1
58 27 250 1
58 28 250 1
56 31 250 1
56 32 250 1
56 33 250 1
57 31 250 1
57 32 250 1
57 33 250 1
58 31 250 1
58 32 250 1
58 33 250 1
56 36 250 1
56 37 250 1
56 38 250 1
57 36 250 1
57 37 250 1
57 38 250 1
58 36 250 1
58 37 250 1
58 38 250 1
56 41 250 1
56 42 250 1
56 43 250 1
57 41 250 1
57 42 250 1
57 43 250 1
58 41 250 1
58 42 250 1
58 43 250 1
56 46 250 1
56 47 250 1
56 48 250 1
57 46 250 1
57 47 250 1
57 48 250 1
58 46 250 1
58 47 250 1
58 48 250 1
56 51 250 1
56 52 250 1
56 53 250 1
57 51 250 1
57 52 250 1
57 53 250 1
58 51 250 1
58 52 250 1
58 53 250 1
56 56 250 1
56 57 250 1
56 58 250 1
57 56 250 1
57 57 250 1
57 58 250 1
58 56 250 1
58 57 250 1
58 58 250 1
56 61 250 1
56 62 250 1
56 63 250 1
57 61 250 1
57 62 250 1
57 63 250 1
58 61 250 1
58 62 250 1
58 63 250 1
56 66 250 1
56 67 250 1
56 68 250 1
57 66 250 1
57 67 250 1
57 68 250 1
58 66 250 1
58 67 250 1
58 68 250 1
56 71 250 1
56 72 250 1
56 73 250 1
57 71 250 1
57 72 250 1
57 73 250 1
58 71 250 1
58 72 250 1
58 73 250 1
56 76 250 1
56 77 250 1
56 78 250 1
57 76 250 1
57 77 250 1
57 78 250 1
58 76 250 1
58 77 250 1
58 78 250 1
56 81 250 1
56 82 250 1
56 83 250 1
57 81 250 1
57 82 250 1
57 83 250 1
58 81 250 1
58 82 250 1
58 83 250 1
56 86 250 1
56 87 250 1
56 88 250 1
57 86 250 1
57 87 250 1
57 88 250 1
58 86 250 1
58 87 250 1
58 88 250 1
56 91 250 1
56 92 250 1
56 93 250 1
57 91 250 1
57 92 250 1
57 93 250 1
58 91 250 1
58 92 250 1
58 93 250 1
56 96 250 1
56 97 250 1
56 98 250 1
57 96 250 1
57 97 250 1
57 98 250 1
58 96 250 1
58 97 250 1
58 98 250 1
61 1 250 1
61 2 250 1
61 3 250 1
62 1 250 1
62 2 250 1
62 3 250 1
63 1 250 1
63 2 250 1
63 3 250 1
61 6 250 1
61 7 250 1
61 8 250 1
62 6 250 1
62 7 250 1
62 8 250 1
63 6 250 1
63 7 250 1
63 8 250 1
61 11 250 1
61 12 250 1
61 13 250 1
62 11 250 1
62 12 250 1
62 13 250 1
63 11 250 1
63 12 250 1
63 13 250 1
61 16 250 1
61 17 250 1
61 18 250 1
62 16 250 1
62 17 250 1
62 18 250 1
63 16 250 1
63 17 250 1
63 18 250 1
61 21 250 1
61 22 250 1
61 23 250 1
62 21 250 1
62 22 250 1
62 23 250 1
63 21 250 1
63 22 250 1
63 23 250 1
61 26 250 1
61 27 250 1
61 28 250 1
62 26 250 1
62 27 250 1
62 28 250 1
63 26 250 1
63 27 250 1
63 28 250 1
61 31 250 1
61 32 250 1
61 33 250 1
62 31 250 1
62 32 250 1
62 33 250 1
63 31 250 1
63 32 250 1
63 33 250 1
61 36 250 1
61 37 250 1
61 38 250 1
62 36 250 1
62 37 250 1
62 38 250 1
63 36 250 1
63 37 250 1
63 38 250 1
61 41 250 1
61 42 250 1
61 43 250 1
62 41 250 1
62 42 250 1
62 43 250 1
63 41 250 1
63 42 250 1
63 43 250 1
61 46 250 1
61 47 250 1
61 48 250 1
62 46 250 1
62 47 250 1
62 48 250 1
63 46 250 1
63 47 250 1
63 48 250 1
61 51 250 1
61 52 250 1
61 53 250 1
62 51 250 1
62 52 250 1
62 53 250 1
63 51 250 1
63 52 250 1
63 53 250 1
61 56 250 1
61 57 250 1
61 58 250 1
62 56 250 1
62 57 250 1
62 58 250 1
63 56 250 1
63 57 250 1
63 58 250 1
61 61 250 1
61 62 250 1
61 63 250 1
62 61 250 1
62 62 250 1
62 63 250 1
63 61 250 1
63 62 250 1
63 63 250 1
61 66 250 1
61 67 250 1
61 68 250 1
62 66 250 1
62 67 250 1
62 68 250 1
63 66 250 1
63 67 250 1
63 68 250 1
61 71 250 1
61 72 250 1
61 73 250 1
62 71 250 1
62 72 250 1
62 73 250 1
63 71 250 1
63 72 250 1
63 73 250 1
61 76 250 1
61 77 250 1
61 78 250 1
62 76 250 1
62 77 250 1
62 78 250 1
63 76 250 1
63 77 250 1
63 78 250 1
61 81 250 1
61 82 250 1
61 83 250 1
62 81 250 1
62 82 250 1
62 83 250 1
63 81 250 1
63 82 250 1
63 83 250 1
61 86 250 1
61 87 250 1
61 88 250 1
62 86 250 1
62 87 250 1
62 88 250 1
63 86 250 1
63 87 250 1
63 88 250 1
61 91 250 1
61 92 250 1
61 93 250 1
62 91 250 1
62 92 250 1
62 93 250 1
63 91 250 1
63 92 250 1
63 93 250 1
61 96 250 1
61 97 250 1
61 98 250 1
62 96 250 1
62 97 250 1
62 98 250 1
63 96 250 1
63 97 250 1
63 98 250 1
66 1 250 1
66 2 250 1
66 3 250 1
67 1 250 1
67 2 250 1
67 3 250 1
68 1 250 1
68 2 250 1
68 3 250 1
66 6 250 1
66 7 250 1
66 8 250 1
67 6 250 1
67 7 250 1
67 8 250 1
68 6 250 1
68 7 250 1
68 8 250 1
66 11 250 1
66 12 250 1
66 13 250 1
67 11 250 1
67 12 250 1
67 13 250 1
68 11 250 1
68 12 250 1
68 13 250 1
66 16 250 1
66 17 250 1
66 18 250 1
67 16 250 1
67 17 250 1
67 18 250 1
68 16 250 1
68 17 250 1
68 18 250 1
66 21 250 1
66 22 250 1
66 23 250 1
67 21 250 1
67 22 250 1
67 23 250 1
68 21 250 1
68 22 250 1
68 23 250 1
66 26 250 1
66 27 250 1
66 28 250 1
67 26 250 1
67 27 250 1
67 28 250 1
68 26 250 1
68 27 250 1
68 28 250 1
66 31 250 1
66 32 250 1
66 33 250 1
67 31 250 1
67 32 250 1
67 33 250 1
68 31 250 1
68 32 250 1
68 33 250 1
66 36 250 1
66 37 250 1
66 38 250 1
67 36 250 1
67 37 250 1
67 38 250 1
68 36 250 1
68 37 250 1
68 38 250 1
66 41 250 1
66 42 250 1
66 43 250 1
67 41 250 1
67 42 250 1
67 43 250 1
68 41 250 1
68 42 250 1
68 43 250 1
66 46 250 1
66 47 250 1
66 48 250 1
67 46 250 1
67 47 250 1
67 48 250 1
68 46 250 1
68 47 250 1
68 48 250 1
66 51 250 1
66 52 250 1
66 53 250 1
67 51 250 1
67 52 250 1
67 53 250 1
68 51 250 1
68 52 250 1
68 53 250 1
66 56 250 1
66 57 250 1
66 58 250 1
67 56 250 1
67 57 250 1
67 58 250 1
68 56 250 1
68 57 250 1
68 58 250 1
66 61 250 1
66 62 250 1
66 63 250 1
67 61 250 1
67 62 250 1
67 63 250 1
68 61 250 1
68 62 250 1
68 63 250 1
66 66 250 1
66 67 250 1
66 68 250 1
67 66 250 1
67 67 250 1
67 68 250 1
68 66 250 1
68 67 250 1
68 68 250 1
66 71 250 1
66 72 250 1
66 73 250 1
67 71 250 1
67 72 250 1
67 73 250 1
68 71 250 1
68 72 250 1
68 73 250 1
66 76 250 1
66 77 250 1
66 78 250 1
67 76 250 1
67 77 250 1
67 78 250 1
68 76 250 1
68 77 250 1
68 78 250 1
66 81 250 1
66 82 250 1
66 83 250 1
67 81 250 1
67 82 250 1
67 83 250 1
68 81 250 1
68 82 250 1
68 83 250 1
66 86 250 1
66 87 250 1
66 88 250 1
67 86 250 1
67 87 250 1
67 88 250 1
68 86 250 1
68 87 250 1
68 88 250 1
66 91 250 1
66 92 250 1
66 93 250 1
67 91 250 1
67 92 250 1
67 93 250 1
68 91 250 1
68 92 250 1
68 93 250 1
66 96 250 1
66 97 250 1
66 98 250 1
67 96 250 1
67 97 250 1
67 98 250 1
68 96 250 1
68 97 250 1
68 98 250 1
71 1 250 1
71 2 250 1
71 3 250 1
72 1 250 1
72 2 250 1
72 3 250 1
73 1 250 1
73 2 250 1
73 3 250 1
71 6 250 1
71 7 250 1
71 8 250 1
72 6 250 1
72 7 250 1
72 8 250 1
73 6 250 1
73 7 250 1
73 8 250 1
71 11 250 1
71 12 250 1
71 13 250 1
72 11 250 1
72 12 250 1
72 13 250 1
73 11 250 1
73 12 250 1
73 13 250 1
71 16 250 1
71 17 250 1
71 18 250 1
72 16 250 1
72 17 250 1
72 18 250 1
73 16 250 1
73 17 250 1
73 18 250 1
71 21 250 1
71 22 250 1
71 23 250 1
72 21 250 1
72 22 250 1
72 23 250 1
73 21 250 1
73 22 250 1
73 23 250 1
71 26 250 1
71 27 250 1
71 28 250 1
72 26 250 1
72 27 250 1
72 28 250 1
73 26 250 1
73 27 250 1
73 28 250 1
71 31 250 1
71 32 250 1
71 33 250 1
72 31 250 1
72 32 250 1
72 33 250 1
73 31 250 1
73 32 250 1
73 33 250 1
71 36 250 1
71 37 250 1
71 38 250 1
72 36 250 1
72 37 250 1
72 38 250 1
73 36 250 1
73 37 250 1
73 38 250 1
71 41 250 1
71 42 250 1
71 43 250 1
72 41 250 1
72 42 250 1
72 43 250 1
73 41 250 1
73 42 250 1
73 43 250 1
71 46 250 1
71 47 250 1
71 48 250 1
72 46 250 1
72 47 250 1
72 48 250 1
73 46 250 1
73 47 250 1
73 48 250 1
71 51 250 1
71 52 250 1
71 53 250 1
72 51 250 1
72 52 250 1
72 53 250 1
73 51 250 1
73 52 250 1
73 53 250 1
71 56 250 1
71 57 250 1
71 58 250 1
72 56 250 1
72 57 250 1
72 58 250 1
73 56 250 1
73 57 250 1
73 58 250 1
71 61 250 1
71 62 250 1
71 63 250 1
72 61 250 1
72 62 250 1
72 63 250 1
73 61 250 1
73 62 250 1
73 63 250 1
71 66 250 1
71 67 250 1
71 68 250 1
72 66 250 1
72 67 250 1
72 68 250 1
73 66 250 1
73 67 250 1
73 68 250 1
71 71 250 1
71 72 250 1
71 73 250 1
72 71 250 1
72 72 250 1
72 73 250 1
73 71 250 1
73 72 250 1
73 73 250 1
71 76 250 1
71 77 250 1
71 78 250 1
72 76 250 1
72 77 250 1
72 78 250 1
73 76 250 1
73 77 250 1
73 78 250 1
71 81 250 1
71 82 250 1
71 83 250 1
72 81 250 1
72 82 250 1
72 83 250 1
73 81 250 1
73 82 250 1
73 83 250 1
71 86 250 1
71 87 250 1
71 88 250 1
72 86 250 1
72 87 250 1
72 88 250 1
73 86 250 1
73 87 250 1
73 88 250 1
71 91 250 1
71 92 250 1
71 93 250 1
72 91 250 1
72 92 250 1
72 93 250 1
73 91 250 1
73 92 250 1
73 93 250 1
71 96 250 1
71 97 250 1
71 98 250 1
72 96 250 1
72 97 250 1
72 98 250 1
73 96 250 1
73 97 250 1
73 98 250 1
76 1 250 1
76 2 250 1
76 3 250 1
77 1 250 1
77 2 250 1
77 3 250 1
78 1 250 1
78 2 250 1
78 3 250 1
76 6 250 1
76 7 250 1
76 8 250 1
77 6 250 1
77 7 250 1
77 8 250 1
78 6 250 1
78 7 250 1
78 8 250 1
76 11 250 1
76 12 250 1
76 13 250 1
77 11 250 1
77 12 250 1
77 13 250 1
78 11 250 1
78 12 250 1
78 13 250 1
76 16 250 1
76 17 250 1
76 18 250 1
77 16 250 1
77 17 250 1
77 18 250 1
78 16 250 1
78 17 250 1
78 18 250 1
76 21 250 1
76 22 250 1
76 23 250 1
77 21 250 1
77 22 250 1
77 23 250 1
78 21 250 1
78 22 250 1
78 23 250 1
76 26 250 1
76 27 250 1
76 28 250 1
77 26 250 1
77 27 250 1
77 28 250 1
78 26 250 1
78 27 250 1
78 28 250 1
76 31 250 1
76 32 250 1
76 33 250 1
77 31 250 1
77 32 250 1
77 33 250 1
78 31 250 1
78 32 250 1
78 33 250 1
76 36 250 1
76 37 250 1
76 38 250 1
77 36 250 1
77 37 250 1
77 38 250 1
78 36 250 1
78 37 250 1
78 38 250 1
76 41 250 1
76 42 250 1
76 43 250 1
77 41 250 1
77 42 250 1
77 43 250 1
78 41 250 1
78 42 250 1
78 43 250 1
76 46 250 1
76 47 250 1
76 48 250 1
77 46 250 1
77 47 250 1
77 48 250 1
78 46 250 1
78 47 250 1
78 48 250 1
76 51 250 1
76 52 250 1
76 53 250 1
77 51 250 1
77 52 250 1
77 53 250 1
78 51 250 1
78 52 250 1
78 53 250 1
76 56 250 1
76 57 250 1
76 58 250 1
77 56 250 1
77 57 250 1
77 58 250 1
78 56 250 1
78 57 250 1
78 58 250 1
76 61 250 1
76 62 250 1
76 63 250 1
77 61 250 1
77 62 250 1
77 63 250 1
78 61 250 1
78 62 250 1
78 63 250 1
76 66 250 1
76 67 250 1
76 68 250 1
77 66 250 1
77 67 250 1
77 68 250 1
78 66 250 1
78 67 250 1
78 68 250 1
76 71 250 1
76 72 250 1
76 73 250 1
77 71 250 1
77 72 250 1
77 73 250 1
78 71 250 1
78 72 250 1
78 73 250 1
76 76 250 1
76 77 250 1
76 78 250 1
77 76 250 1
77 77 250 1
77 78 250 1
78 76 250 1
78 77 250 1
78 78 250 1
76 81 250 1
76 82 250 1
76 83 250 1
77 81 250 1
77 82 250 1
77 83 250 1
78 81 250 1
78 82 250 1
78 83 250 1
76 86 250 1
76 87 250 1
76 88 250 1
77 86 250 1
77 87 250 1
77 88 250 1
78 86 250 1
78 87 250 1
78 88 250 1
76 91 250 1
76 92 250 1
76 93 250 1
77 91 250 1
77 92 250 1
77 93 250 1
78 91 250 1
78 92 250 1
78 93 250 1
76 96 250 1
76 97 250 1
76 98 250 1
77 96 250 1
77 97 250 1
77 98 250 1
78 96 250 1
78 97 250 1
78 98 250 1
81 1 250 1
81 2 250 1
81 3 250 1
82 1 250 1
82 2 250 1
82 3 250 1
83 1 250 1
83 2 250 1
83 3 250 1
81 6 250 1
81 7 250 1
81 8 250 1
82 6 250 1
82 7 250 1
82 8 250 1
83 6 250 1
83 7 250 1
83 8 250 1
81 11 250 1
81 12 250 1
81 13 250 1
82 11 250 1
82 12 250 1
82 13 250 1
83 11 250 1
83 12 250 1
83 13 250 1
81 16 250 1
81 17 250 1
81 18 250 1
82 16 250 1
82 17 250 1
82 18 250 1
83 16 250 1
83 17 250 1
83 18 250 1
81 21 250 1
81 22 250 1
81 23 250 1
82 21 250 1
82 22 250 1
82 23 250 1
83 21 250 1
83 22 250 1
83 23 250 1
81 26 250 1
81 27 250 1
81 28 250 1
82 26 250 1
82 27 250 1
82 28 250 1
83 26 250 1
83 27 250 1
83 28 250 1
81 31 250 1
81 32 250 1
81 33 250 1
82 31 250 1
82 32 250 1
82 33 250 1
83 31 250 1
83 32 250 1
83 33 250 1
81 36 250 1
81 37 250 1
81 38 250 1
82 36 250 1
82 37 250 1
82 38 250 1
83 36 250 1
83 37 250 1
83 38 250 1
81 41 250 1
81 42 250 1
81 43 250 1
82 41 250 1
82 42 250 1
82 43 250 1
83 41 250 1
83 42 250 1
83 43 250 1
81 46 250 1
81 47 250 1
81 48 250 1
82 46 250 1
82 47 250 1
82 48 250 1
83 46 250 1
83 47 250 1
83 48 250 1
81 51 250 1
81 52 250 1
81 53 250 1
82 51 250 1
82 52 250 1
82 53 250 1
83 51 250 1
83 52 250 1
83 53 250 1
81 56 250 1
81 57 250 1
81 58 250 1
82 56 250 1
82 57 250 1
82 58 250 1
83 56 250 1
83 57 250 1
83 58 250 1
81 61 250 1
81 62 250 1
81 63 250 1
82 61 250 1
82 62 250 1
82 63 250 1
83 61 250 1
83 62 250 1
83 63 250 1
81 66 250 1
81 67 250 1
81 68 250 1
82 66 250 1
82 67 250 1
82 68 250 1
83 66 250 1
83 67 250 1
83 68 250 1
81 71 250 1
81 72 250 1
81 73 250 1
82 71 250 1
82 72 250 1
82 73 250 1
83 71 250 1
83 72 250 1
83 73 250 1
81 76 250 1
81 77 250 1
81 78 250 1
82 76 250 1
82 77 250 1
82 78 250 1
83 76 250 1
83 77 250 1
83 78 250 1
81 81 250 1
81 82 250 1
81 83 250 1
82 81 250 1
82 82 250 1
82 83 250 1
83 81 250 1
83 82 250 1
83 83 250 1
81 86 250 1
81 87 250 1
81 88 250 1
82 86 250 1
82 87 250 1
82 88 250 1
83 86 250 1
83 87 250 1
83 88 250 1
81 91 250 1
81 92 250 1
81 93 250 1
82 91 250 1
82 92 250 1
82 93 250 1
83 91 250 1
83 92 250 1
83 93 250 1
81 96 250 1
81 97 250 1
81 98 250 1
82 96 250 1
82 97 250 1
82 98 250 1
83 96 250 1
83 97 250 1
83 98 250 1
86 1 250 1
86 2 250 1
86 3 250 1
87 1 250 1
87 2 250 1
87 3 250 1
88 1 250 1
88 2 250 1
88 3 250 1
86 6 250 1
86 7 250 1
86 8 250 1
87 6 250 1
87 7 250 1
87 8 250 1
88 6 250 1
88 7 250 1
88 8 250 1
86 11 250 1
86 12 250 1
86 13 250 1
87 11 250 1
87 12 250 1
87 13 250 1
88 11 250 1
88 12 250 1
88 13 250 1
86 16 250 1
86 17 250 1
86 18 250 1
87 16 250 1
87 17 250 1
87 18 250 1
88 16 250 1
88 17 250 1
88 18 250 1
86 21 250 1
86 22 250 1
86 23 250 1
87 21 250 1
87 22 250 1
87 23 250 1
88 21 250 1
88 22 250 1
88 23 250 1
86 26 250 1
86 27 250 1
86 28 250 1
87 26 250 1
87 27 250 1
87 28 250 1
88 26 250 1
88 27 250 1
88 28 250 1
86 31 250 1
86 32 250 1
86 33 250 1
87 31 250 1
87 32 250 1
87 33 250 1
88 31 250 1
88 32 250 1
88 33 250 1
86 36 250 1
86 37 250 1
86 38 250 1
87 36 250 1
87 37 250 1
87 38 250 1
88 36 250 1
88 37 250 1
88 38 250 1
86 41 250 1
86 42 250 1
86 43 250 1
87 41 250 1
87 42 250 1
87 43 250 1
88 41 250 1
88 42 250 1
88 43 250 1
86 46 250 1
86 47 250 1
86 48 250 1
87 46 250 1
87 47 250 1
87 48 250 1
88 46 250 1
88 47 250 1
88 48 250 1
86 51 250 1
86 52 250 1
86 53 250 1
87 51 250 1
87 52 250 1
87 53 250 1
88 51 250 1
88 52 250 1
88 53 250 1
86 56 250 1
86 57 250 1
86 58 250 1
87 56 250 1
87 57 250 1
87 58 250 1
88 56 250 1
88 57 250 1
88 58 250 1
86 61 250 1
86 62 250 1
86 63 250 1
87 61 250 1
87 62 250 1
87 63 250 1
88 61 250 1
88 62 250 1
88 63 250 1
86 66 250 1
86 67 250 1
86 68 250 1
87 66 250 1
87 67 250 1
87 68 250 1
88 66 250 1
88 67 250 1
88 68 250 1
86 71 250 1
86 72 250 1
86 73 250 1
87 71 250 1
87 72 250 1
87 73 250 1
88 71 250 1
88 72 250 1
88 73 250 1
86 76 250 1
86 77 250 1
86 78 250 1
87 76 250 1
87 77 250 1
87 78 250 1
88 76 250 1
88 77 250 1
88 78 250 1
86 81 250 1
86 82 250 1
86 83 250 1
87 81 250 1
87 82 250 1
87 83 250 1
88 81 250 1
88 82 250 1
88 83 250 1
86 86 250 1
86 87 250 1
86 88 250 1
87 86 250 1
87 87 250 1
87 88 250 1
88 86 250 1
88 87 250 1
88 88 250 1
86 91 250 1
86 92 250 1
86 93 250 1
87 91 250 1
87 92 250 1
87 93 250 1
88 91 250 1
88 92 250 1
88 93 250 1
86 96 250 1
86 97 250 1
86 98 250 1
87 96 250 1
87 97 250 1
87 98 250 1
88 96 250 1
88 97 250 1
88 98 250 1
